0 0.22742981322862962 0.5697596626135535 0.09273867565477303 0.06130183644976535
0 0.3170248049629014 0.5279093704218857 0.08645130781377112 0.060122954979576655
0 0.3154529630026514 0.6310614990633171 0.08802314977402315 0.06365959939014078
0 0.39797466591579733 0.6687857061093285 0.08487946585352187 0.06365959939014038
0 0.5362067129997033 0.6885631119403369 0.08437190572772586 0.06776326286793731
0 0.5418251312105118 0.5047573011849188 0.0790571400125913 0.06278067000999836
0 0.7513558201992097 0.40447138571955465 0.08748151968990044 0.06561113976742533
0 0.5808007643696755 0.30452883560870864 0.08137815785107139 0.06103361838830256
0 0.5685940406920155 0.3551358775223432 0.0800218552202207 0.06561113976742494
0 0.6448860636773932 0.3380973257222751 0.08070000653564485 0.06713698022713305
