0 0.23926767676767674 0.26767676767676757 0.14520202020202025 0.1919191919191919
0 0.37184343434343425 0.2895622895622896 0.14520202020202017 0.19191919191919193
0 0.548611111111111 0.24915824915824913 0.12247474747474747 0.18518518518518515
0 0.5587121212121208 0.42845117845117847 0.12247474747474736 0.18686868686868696
0 0.26262626262626254 0.46296296296296285 0.13888888888888878 0.16835016835016842
0 0.26388888888888884 0.6060606060606061 0.13383838383838384 0.17171717171717177
0 0.3781565656565657 0.45117845117845135 0.10732323232323235 0.1582491582491583
0 0.4867424242424241 0.558922558922559 0.11489898989898975 0.19528619528619529
0 0.39015151515151475 0.6228956228956232 0.13636363636363627 0.18855218855218858
0 0.5119949494949494 0.7567340067340064 0.15277777777777768 0.20033670033670067
0 0.2803030303030302 0.7365319865319865 0.1388888888888889 0.13973063973063982
