0 0.34704127967399645 0.36302515280707587 0.076399757155027 0.0647737071531751
0 0.4201193082570673 0.36153037494969575 0.07241368286867829 0.06676674429634957
0 0.4925329911257465 0.3490738928048547 0.07374237429746139 0.05580504000888979
0 0.6207517140033137 0.3468317260187827 0.07639975715502649 0.059292855009444444
0 0.7071166568742149 0.3558003931630684 0.08038583144137651 0.06427544786738157
0 0.5141242268434716 0.5419002364070004 0.07839279429820206 0.057798077152064205
0 0.6064682811438962 0.53641938426327 0.07706410286941827 0.05779807715206383
0 0.40093263863529743 0.743153724761242 0.0843719057277262 0.06826152215373112
0 0.4909514829353509 0.6945734443963596 0.081050177155767 0.06377718858158687
0 0.7221437915436079 0.7361780947601294 0.08902232572846788 0.06826152215373055
