0 0.3725099246937104 0.4384586416111806 0.05008144616182439 0.038902551929274116
0 0.3059731462215725 0.4304098377637442 0.05222779385447376 0.03890255192927433
0 0.25911122159872296 0.4521416081518217 0.05151234462359068 0.03836596500611191
0 0.257143736213794 0.4888978123884458 0.054731866162564986 0.0378293780829493
0 0.2509438177322832 0.5402088848937487 0.05330096770079859 0.038902551929275726
0 0.41442396698909484 0.5412820587400721 0.04972372154638254 0.036756204236624505
0 0.46665176084356863 0.5671723777826582 0.05043917077726578 0.04078060616034222
0 0.4035133662181262 0.6390750254864205 0.05294324308535724 0.039707432314017695
0 0.34896036236328215 0.6659043716445409 0.05115462000814935 0.04239036692983007
0 0.7882926758583055 0.6778893517873008 0.05617821547904227 0.03731838599679161
0 0.7110476295746218 0.6705159610056768 0.05176421283426 0.040026978528817425
0 0.7224839091542838 0.6061116496886317 0.05377057767279712 0.03641552181945045
0 0.7834774002458154 0.6070145138659742 0.05537566954362601 0.03701743127101268
0 0.7573946573448324 0.561720827635995 0.05457312360821273 0.03611456709366858
