0 0.40260758554712217 0.4148650858045251 0.04924599222357453 0.03725848095862498
0 0.4913799662659356 0.3894321227153757 0.04881400983564903 0.024622996111788326
0 0.5559613332608871 0.3959118585342676 0.04751806267187051 0.038230441331459454
0 0.6069352550361665 0.3968838189071018 0.04924599222357493 0.036934494167681395
0 0.5741045935537827 0.42037286125058193 0.05356581610283562 0.033370639467292115
0 0.5097392177527947 0.4189149206913325 0.046654097896018314 0.03693449416768141
0 0.4118952068875336 0.49715773070444697 0.04795004505979672 0.03596253379484731
0 0.4179429603184987 0.5263165418894584 0.048814009835648514 0.02689090364839955
0 0.4639490846326277 0.51935082588415 0.04665409789601891 0.03499057342201326
0 0.49548379895123296 0.4984536778682249 0.04924599222357486 0.03661050737673602
0 0.5924638450406423 0.5000736118229483 0.04708608028394451 0.03531456021295845
0 0.45530943687410597 0.6252945065230243 0.0483820274477223 0.039526388495237666
0 0.5538014213212541 0.6196247376814921 0.04751806267187139 0.03790645454051404
0 0.597431642501789 0.6254564999184955 0.04492616834431536 0.03855442812240514
