0 0.24718637179146793 0.3882517317055543 0.08924117336431406 0.0694327563404
0 0.24124021200902968 0.4495143985977376 0.09812386201563085 0.07115142601133331
0 0.3202973520216236 0.3933605770887921 0.06464083801029735 0.06696604801066733
0 0.5033268711864194 0.4266760934434688 0.08639647758521912 0.0706291204259156
0 0.21810191279029642 0.5247437731067107 0.06977817576364244 0.06941474776487346
0 0.320104037778121 0.494397535209502 0.09739870367008413 0.07341245575133122
0 0.49987975450250505 0.5643574249725279 0.09255299701983111 0.07304902775256256
0 0.5529402423227748 0.6141470608038773 0.0949758503449577 0.07377588375010107
0 0.3263935260912112 0.6628769360265722 0.10269550985622371 0.079303754833418
0 0.49298846430241916 0.6885508134906277 0.09965267993455812 0.07930375483341798
0 0.5755252259276075 0.680575200668953 0.0928063126108098 0.08275056994068912
0 0.8395312326813766 0.6146164606436112 0.11028007852191514 0.07460784904084698
0 0.7486064332469807 0.4696206635257665 0.10127762313236933 0.0729198886553069
0 0.7909179735778384 0.42438332519330757 0.09947713205446206 0.07359507280952299
