0 0.3726254404582518 0.616301303289188 0.049531100599605846 0.04157074514609707
0 0.47286695357650294 0.6080461198559209 0.04795868470755536 0.03803280938898339
0 0.5170911505404372 0.6132056095017132 0.04442074895044058 0.037737981409223804
0 0.5119807988912717 0.4858399222455827 0.049137996626593836 0.035969013530666394
0 0.41409790961109705 0.48510285229618383 0.04913799662659358 0.03567418555090697
0 0.3793082079994688 0.5070675367882711 0.049531100599606276 0.03537935757114737
0 0.32466675575069665 0.4843657823467848 0.051889724437682784 0.03714832544970469
0 0.33193917925143196 0.5142908222923804 0.04913799662659352 0.02859831403667715
0 0.3147041428253977 0.3975607346540288 0.05132434854409928 0.03892335371430977
0 0.40760408097225875 0.3700348270549587 0.04960397931915743 0.027740953752187707
0 0.4265281424466194 0.4014315654101488 0.04845706650252943 0.03763307679560355
0 0.4745551166429135 0.3785291501031094 0.04931725111500043 0.03870830756119254
0 0.49318248053156194 0.4037731127864955 0.05277792832799484 0.034240258961618204
0 0.5260028905259791 0.3803091217887134 0.050177435727471416 0.03763307679560408
