0 0.40140551327134383 0.40121799403687214 0.08705586241386765 0.06755897656076187
0 0.6399210442019387 0.40490044341450043 0.0900786354143479 0.06710556061068929
0 0.5404718124860958 0.4742730837755508 0.08342853481328688 0.06438506491025457
0 0.4724594199752626 0.5048786604054264 0.08403308941338587 0.06483848086032867
0 0.4522167021659896 0.5500857612060274 0.09041391379293262 0.05475376766963387
0 0.5725375789099048 0.5868224393486114 0.09116683369452301 0.06719624380070442
0 0.7061441455311853 0.5520454359780707 0.09273867565477287 0.06483848086032747
0 0.6790298717168679 0.6101053483848184 0.09195275467464609 0.06424904012523455
0 0.6727425038758671 0.6740596681425071 0.0950964385951486 0.06837512527089222
0 0.7658741400207033 0.6039162206663344 0.09116683369452289 0.06601736233051655
