0 0.30328751078491345 0.37739563790822417 0.07677843421223027 0.056676993759028106
0 0.3700907940955554 0.36175278763073293 0.07375566121174898 0.05803724160924519
0 0.598279088271131 0.40217119761794107 0.07358906374798761 0.05749145605311448
0 0.38945094080760456 0.5380664900272911 0.07263040715504662 0.05236612228582024
0 0.46208134796265266 0.4950299642406682 0.06942022341338815 0.03370692928742511
0 0.5030111906688125 0.5350569427694861 0.0702227693488031 0.054773760092066366
0 0.577848599146251 0.5361102843097182 0.07303168012275528 0.06109380933345856
0 0.36083808237795284 0.7023164298876441 0.07548558844132687 0.060564018633157274
0 0.4319349738168774 0.7018775601874033 0.07607074804164767 0.0614417580336367
0 0.6468868937130621 0.6952822199135837 0.0790299850772869 0.062373956245591645
0 0.2744470894565958 0.6207240747376135 0.014456593393059975 0.0036657790389545398
