0 0.5820707070707073 0.39562289562289565 0.15151515151515157 0.19528619528619529
0 0.28345959595959597 0.22727272727272727 0.15530303030303022 0.19865319865319864
0 0.4160353535353536 0.27272727272727265 0.1578282828282827 0.20538720538720537
0 0.5732323232323232 0.19949494949494956 0.15151515151515133 0.20370370370370375
0 0.2948232323232323 0.4713804713804714 0.15277777777777782 0.19865319865319855
0 0.44191919191919177 0.430976430976431 0.15656565656565638 0.18181818181818163
0 0.35732323232323226 0.6077441077441078 0.14393939393939392 0.16835016835016836
0 0.42045454545454575 0.7163299663299664 0.1565656565656567 0.20033670033670029
0 0.4911616161616162 0.5555555555555556 0.14393939393939392 0.18181818181818188
0 0.595959595959596 0.6422558922558923 0.12626262626262616 0.20370370370370364
