0 0.24397828629706514 0.49246388684783404 0.10942438261743065 0.07299996796162773
0 0.44706086277137436 0.41321845775385524 0.0992868320409344 0.07117989797052274
0 0.4346500087662576 0.46277061749487286 0.09782673156974367 0.06296683282007769
0 0.4235166748016638 0.5268238055940828 0.10954752018413286 0.07042340583265666
0 0.46189556792739717 0.57265491097724 0.10731185650690539 0.07377690134849763
0 0.5890079292397603 0.5214399624530054 0.10169061527459379 0.07221833518394827
0 0.642697758660266 0.4140317600381762 0.10298808965638301 0.073730109640366
0 0.7398342523134467 0.4153483691388969 0.10064745125510337 0.07548558844132693
0 0.6895105266858959 0.47262086502025275 0.10298808965638423 0.07329123994012579
0 0.7500745453190537 0.5208965320466828 0.10708420685862716 0.07065802173868402
