0 0.25970112379857 0.4492694329575179 0.07533680401200023 0.05231722500833385
0 0.29922969380486686 0.4979244522152684 0.07347663601170475 0.0519684435082785
0 0.46459952668530563 0.511514803660431 0.068500064371138 0.05137504827835361
0 0.4647629499052146 0.5720341570623484 0.07050939289716414 0.05331197999541619
0 0.2245449323356625 0.6402926247348313 0.07905714001259381 0.05365869231624067
0 0.6971953282011285 0.4131376320295302 0.07523299116097543 0.05490998515943655
0 0.6671526236771147 0.4572549649334918 0.07674774937226937 0.054531295606612594
0 0.6989332307833108 0.5350703743567842 0.04927565339499738 0.052249184203313724
0 0.6833101948260356 0.5875724190264604 0.07292059983429988 0.05690016502222009
0 0.6782588488978198 0.6558798457148158 0.0765860746734653 0.05410281831185754
