0 0.3121285172567221 0.6718098907448018 0.1093216083354145 0.0789261144290727
0 0.2830101449430836 0.5990139599607048 0.1082999110612519 0.07432847669533942
0 0.37802799144022003 0.5607003121796019 0.1062565165129265 0.07432847669534003
0 0.4996099670655881 0.6082092354281702 0.09808293831962436 0.0773935685178284
0 0.6344740072550722 0.5637654040020902 0.10216972741627597 0.07432847669534048
0 0.43984067652706654 0.37832734874154994 0.105234819238763 0.07739356851782882
0 0.5103377884442971 0.40744572105518856 0.10523481923876372 0.07279593078409646
0 0.6150617590459799 0.4499738700922134 0.11238670015790347 0.08122493329593933
0 0.5430321012175053 0.47985851536147395 0.09297445194881071 0.0720296578284745
0 0.6827629963724638 0.32737019719268223 0.10932160833541489 0.0827574792071833
