0 0.43098325407265603 0.7133213134578638 0.07347663601170495 0.05894407350939074
0 0.35029846705980255 0.6639687312000018 0.07580184601207444 0.05580504000889055
0 0.40866123806910015 0.6341479129452509 0.07440672001185301 0.05685138450905655
0 0.5294558045799426 0.5915891820487377 0.07161646801140789 0.053363569508500325
0 0.2719409832001316 0.5411471117143032 0.077851771010857 0.05304838664916586
0 0.42384804893551176 0.4732761867161367 0.06347875711831352 0.055241055812883785
0 0.3783553967728477 0.425847876371133 0.06734719374257445 0.05336408995704068
0 0.614768525390039 0.4669428399518247 0.07127771802936861 0.05505883608256643
0 0.6890339321990788 0.4448552836163764 0.07639947022309587 0.055699055106780894
0 0.7434525492574326 0.48438880836170756 0.08024078436839151 0.05601916461889022
