0 0.3082177930612983 0.39184596029055685 0.08556772801362983 0.06452457751027857
0 0.37169602607141145 0.3635946587860576 0.08138235001296429 0.06522214051038994
0 0.42726854508026363 0.3955081660411413 0.07998722401274196 0.06487335901033431
0 0.561389191965177 0.2993726606395108 0.07689286505084311 0.06317742423419133
0 0.5626848614823006 0.47522114055749726 0.07898501839912242 0.05887533580057334
0 0.7779209665459331 0.5048761589322136 0.09327504799213647 0.06306665176740955
0 0.4955427097329399 0.6197472507704592 0.08184739201303826 0.06347823301011231
0 0.5808737960497977 0.7233882426977806 0.08659470643126702 0.0684672001150827
0 0.6565137504626515 0.675964226944599 0.08868132586334568 0.06706991031681629
0 0.7288761726404321 0.6085492417429514 0.08770729036957818 0.06250961578826254
