0 0.31232997345115365 0.30318958257271 0.08570059715650799 0.06377718858158617
0 0.38507582917702793 0.28500311864124245 0.08370756001333453 0.06826152215373103
0 0.5113015149114213 0.27553619221116277 0.08902232572846704 0.06427544786738142
0 0.6306298989093846 0.34061806540913536 0.08259883021883577 0.06372926986711874
0 0.5247804838192218 0.48933850909840026 0.07934179020743938 0.05870759980114169
0 0.35856860519038347 0.524866862253311 0.08404287540980535 0.058641857095648356
0 0.5762062208778684 0.58665899011663 0.08161033715279473 0.06296659633771678
0 0.33561904783260943 0.6565184570337544 0.08402441844542922 0.06535232545755647
0 0.41279703218248487 0.6614198814430706 0.08153480604704608 0.06675273243164617
0 0.6424637759333234 0.6728565383981432 0.08526922464462067 0.0690867440551295
