0 0.40199858133403743 0.7529657415865869 0.09666828055539702 0.0760378548271102
0 0.2880400392158842 0.6489294518425143 0.09666828055539872 0.06837512527089075
0 0.3740983865395941 0.6574763425013767 0.09588235957527409 0.06896456600598612
0 0.4522975240620501 0.6854747774183363 0.09195275467464803 0.07191176968145621
0 0.4094648306452273 0.5752493599557775 0.08959499173427236 0.06719624380070373
0 0.46133561533349093 0.4782863590328315 0.09588235957527408 0.07132232894636166
0 0.5249952147236313 0.5021587088041335 0.0927386756547746 0.06365959939014305
0 0.5650771847100158 0.5528506120222086 0.08645130781377201 0.06365959939014158
0 0.649956650563538 0.637140637140637 0.08959499173427247 0.06719624380070395
0 0.6718779907977285 0.424647252139286 0.09352459663489712 0.07132232894636063
