0 0.32512626262626254 0.27861952861952866 0.14772727272727273 0.20033670033670029
0 0.45454545454545453 0.2676767676767677 0.14646464646464644 0.19528619528619529
0 0.6022727272727273 0.23063973063973064 0.1616161616161616 0.19191919191919196
0 0.5662878787878786 0.39225589225589225 0.1325757575757579 0.20538720538720526
0 0.30744949494949486 0.5715488215488215 0.15530303030303028 0.20707070707070713
0 0.4551767676767676 0.5210437710437711 0.14772727272727273 0.20370370370370375
0 0.4962121212121211 0.6708754208754208 0.14646464646464635 0.16329966329966325
0 0.3453282828282827 0.7878787878787875 0.15025252525252522 0.18855218855218842
0 0.551136363636363 0.8072390572390569 0.1477272727272726 0.1498316498316502
0 0.6407828282828278 0.6557239057239059 0.13510101010101 0.16329966329966336
0 0.6344696969696968 0.4814814814814814 0.12499999999999989 0.19191919191919177
